122 mic pos

[-0.4889, 0.4889, 0.4889],
		[-7.1933, 0.4889, 0.4889],
		[-5.5172, 0.4889, 0.4889],
		[-3.8411, 0.4889, 0.4889],
		[-2.1650, 0.4889, 0.4889],
		[-0.4889, 2.1650, 0.4889],
		[-0.4889, 3.8411, 0.4889],
		[-0.4889, 5.5172, 0.4889],
		[-0.4889, 7.1933, 0.4889],
		[-8.8694, 3.8411, 0.4889],
		[-7.1933, 2.1650, 0.4889],
		[-7.1933, 3.8411, 0.4889],
		[-7.1933, 5.5172, 0.4889],
		[-5.5172, 2.1650, 0.4889],
		[-5.5172, 3.8411, 0.4889],
		[-5.5172, 5.5172, 0.4889],
		[-5.5172, 7.1933, 0.4889],
		[-3.8411, 2.1650, 0.4889],
		[-3.8411, 3.8411, 0.4889],
		[-3.8411, 5.5172, 0.4889],
		[-3.8411, 7.1933, 0.4889],
		[-3.8411, 8.8694, 0.4889],
		[-2.1650, 2.1650, 0.4889],
		[-2.1650, 3.8411, 0.4889],
		[-2.1650, 5.5172, 0.4889],
		[-2.1650, 7.1933, 0.4889],
		[-2.1650, 8.8694, 0.4889],
		[-0.4889, 0.4889, 1.7795],
		[-7.1933, 0.4889, 1.7795],
		[-5.5172, 0.4889, 1.7795],
		[-3.8411, 0.4889, 1.7795],
		[-2.1650, 0.4889, 1.7795],
		[-0.4889, 2.1650, 1.7795],
		[-0.4889, 3.8411, 1.7795],
		[-0.4889, 5.5172, 1.7795],
		[-0.4889, 7.1933, 1.7795],
		[-8.8694, 3.8411, 1.7795],
		[-7.1933, 2.1650, 1.7795],
		[-7.1933, 3.8411, 1.7795],
		[-7.1933, 5.5172, 1.7795],
		[-5.5172, 2.1650, 1.7795],
		[-5.5172, 3.8411, 1.7795],
		[-5.5172, 5.5172, 1.7795],
		[-5.5172, 7.1933, 1.7795],
		[-3.8411, 2.1650, 1.7795],
		[-3.8411, 3.8411, 1.7795],
		[-3.8411, 5.5172, 1.7795],
		[-3.8411, 7.1933, 1.7795],
		[-3.8411, 8.8694, 1.7795],
		[-2.1650, 2.1650, 1.7795],
		[-2.1650, 3.8411, 1.7795],
		[-2.1650, 5.5172, 1.7795],
		[-2.1650, 7.1933, 1.7795],
		[-2.1650, 8.8694, 1.7795],
		[-0.4889, 0.4889, 3.0701],
		[-7.1933, 0.4889, 3.0701],
		[-5.5172, 0.4889, 3.0701],
		[-3.8411, 0.4889, 3.0701],
		[-2.1650, 0.4889, 3.0701],
		[-0.4889, 2.1650, 3.0701],
		[-0.4889, 3.8411, 3.0701],
		[-0.4889, 5.5172, 3.0701],
		[-0.4889, 7.1933, 3.0701],
		[-8.8694, 3.8411, 3.0701],
		[-8.8694, 5.5172, 3.0701],
		[-8.8694, 7.1933, 3.0701],
		[-7.1933, 2.1650, 3.0701],
		[-7.1933, 3.8411, 3.0701],
		[-7.1933, 5.5172, 3.0701],
		[-7.1933, 7.1933, 3.0701],
		[-7.1933, 8.8694, 3.0701],
		[-5.5172, 2.1650, 3.0701],
		[-5.5172, 3.8411, 3.0701],
		[-5.5172, 5.5172, 3.0701],
		[-5.5172, 7.1933, 3.0701],
		[-5.5172, 8.8694, 3.0701],
		[-3.8411, 2.1650, 3.0701],
		[-3.8411, 3.8411, 3.0701],
		[-3.8411, 5.5172, 3.0701],
		[-3.8411, 7.1933, 3.0701],
		[-3.8411, 8.8694, 3.0701],
		[-3.8411, 10.5455, 3.0701],
		[-2.1650, 2.1650, 3.0701],
		[-2.1650, 3.8411, 3.0701],
		[-2.1650, 5.5172, 3.0701],
		[-2.1650, 7.1933, 3.0701],
		[-2.1650, 8.8694, 3.0701],
		[-2.1650, 10.5455, 3.0701],
		[-0.4889, 0.4889, 4.3607],
		[-7.1933, 0.4889, 4.3607],
		[-5.5172, 0.4889, 4.3607],
		[-3.8411, 0.4889, 4.3607],
		[-2.1650, 0.4889, 4.3607],
		[-0.4889, 2.1650, 4.3607],
		[-0.4889, 3.8411, 4.3607],
		[-0.4889, 5.5172, 4.3607],
		[-0.4889, 7.1933, 4.3607],
		[-8.8694, 3.8411, 4.3607],
		[-8.8694, 5.5172, 4.3607],
		[-8.8694, 7.1933, 4.3607],
		[-7.1933, 2.1650, 4.3607],
		[-7.1933, 3.8411, 4.3607],
		[-7.1933, 5.5172, 4.3607],
		[-7.1933, 7.1933, 4.3607],
		[-7.1933, 8.8694, 4.3607],
		[-5.5172, 2.1650, 4.3607],
		[-5.5172, 3.8411, 4.3607],
		[-5.5172, 5.5172, 4.3607],
		[-5.5172, 7.1933, 4.3607],
		[-5.5172, 8.8694, 4.3607],
		[-3.8411, 2.1650, 4.3607],
		[-3.8411, 3.8411, 4.3607],
		[-3.8411, 5.5172, 4.3607],
		[-3.8411, 7.1933, 4.3607],
		[-3.8411, 8.8694, 4.3607],
		[-3.8411, 10.5455, 4.3607],
		[-2.1650, 2.1650, 4.3607],
		[-2.1650, 3.8411, 4.3607],
		[-2.1650, 5.5172, 4.3607],
		[-2.1650, 7.1933, 4.3607],
		[-2.1650, 8.8694, 4.3607],
		[-2.1650, 10.5455, 4.3607]